Size,Select Sort,Merge Sort,Quick Sort
30000,900030002,1921532,886105
30000,900030002,1921438,888664
30000,900030002,1921306,956672
30000,900030002,1921858,894631
30000,900030002,1921550,887319
30000,900030002,1921678,888842
30000,900030002,1921646,876883
30000,900030002,1921764,902139
30000,900030002,1921386,949040
30000,900030002,1921516,900291
30000,900030002,1921596,921327
30000,900030002,1921348,886448
30000,900030002,1921922,937173
30000,900030002,1921840,917502
30000,900030002,1921754,921540
30000,900030002,1921248,913223
30000,900030002,1921266,910902
30000,900030002,1921934,888946
30000,900030002,1921466,935018
30000,900030002,1921530,947504
30000,900030002,1921838,894040
30000,900030002,1921488,912660
30000,900030002,1921198,986838
30000,900030002,1921932,903278
30000,900030002,1921364,895332
30000,900030002,1921502,933477
30000,900030002,1921456,906335
30000,900030002,1921556,900297
30000,900030002,1921470,890764
30000,900030002,1921444,899432
30000,900030002,1921336,896608
30000,900030002,1921760,894392
30000,900030002,1921680,899372
30000,900030002,1921318,889714
30000,900030002,1921674,913243
30000,900030002,1921444,890283
30000,900030002,1921454,870459
30000,900030002,1921706,895746
30000,900030002,1921714,889147
30000,900030002,1921760,917308
30000,900030002,1921612,892074
30000,900030002,1921188,867508
30000,900030002,1921914,887128
30000,900030002,1921842,890902
30000,900030002,1921704,897543
30000,900030002,1921502,904083
30000,900030002,1921646,874553
30000,900030002,1922100,923094
30000,900030002,1921634,941147
30000,900030002,1921206,876516
30000,900030002,1921912,890265
30000,900030002,1921590,910342
30000,900030002,1921258,903662
30000,900030002,1921764,902737
30000,900030002,1921254,919074
30000,900030002,1921682,897775
30000,900030002,1921520,885838
30000,900030002,1921706,897295
30000,900030002,1921430,908767
30000,900030002,1921404,956796
30000,900030002,1921646,885757
30000,900030002,1921836,937630
30000,900030002,1921298,886555
30000,900030002,1921092,892935
30000,900030002,1921436,883243
30000,900030002,1921854,901506
30000,900030002,1921778,915385
30000,900030002,1921502,897520
30000,900030002,1921226,911175
30000,900030002,1921618,908496
30000,900030002,1921778,886666
30000,900030002,1921518,961143
30000,900030002,1921470,915051
30000,900030002,1921540,920308
30000,900030002,1921690,900421
30000,900030002,1921624,892886
30000,900030002,1921488,903958
30000,900030002,1921596,906392
30000,900030002,1921526,915513
30000,900030002,1921468,894125
30000,900030002,1921574,894127
30000,900030002,1921674,911937
30000,900030002,1921572,902301
30000,900030002,1921554,875930
30000,900030002,1921654,876522
30000,900030002,1921684,897028
30000,900030002,1921794,917147
30000,900030002,1921744,877342
30000,900030002,1921696,910700
30000,900030002,1921496,888526
30000,900030002,1921838,918332
30000,900030002,1921646,900639
30000,900030002,1921786,929083
30000,900030002,1921602,889061
30000,900030002,1921366,913227
30000,900030002,1921708,878032
30000,900030002,1921570,948617
30000,900030002,1921474,911540
30000,900030002,1921602,932685
30000,900030002,1921258,903148
30000,900030002,1921478,886293
30000,900030002,1921346,925359
30000,900030002,1921512,886032
30000,900030002,1921118,893433
30000,900030002,1921494,913607
30000,900030002,1921438,889115
30000,900030002,1921516,882018
30000,900030002,1921650,916733
30000,900030002,1921548,897427
30000,900030002,1921746,908479
30000,900030002,1921064,888854
30000,900030002,1921874,909801
30000,900030002,1921808,900059
30000,900030002,1921470,893326
30000,900030002,1921546,887811
30000,900030002,1921370,876943
30000,900030002,1921486,908172
30000,900030002,1921650,881680
30000,900030002,1921546,902732
30000,900030002,1921404,889044
30000,900030002,1921664,909595
30000,900030002,1921960,923224
30000,900030002,1921370,929647
30000,900030002,1921552,902200
30000,900030002,1921652,914202
30000,900030002,1921474,964629
30000,900030002,1921500,916310
30000,900030002,1921550,905476
30000,900030002,1921458,977710
30000,900030002,1921566,910104
30000,900030002,1921476,954093
30000,900030002,1921290,903593
30000,900030002,1921332,883985
30000,900030002,1921506,912877
30000,900030002,1921632,907139
30000,900030002,1921370,878832
30000,900030002,1921574,913253
30000,900030002,1921256,904478
30000,900030002,1921518,880788
30000,900030002,1921878,887737
30000,900030002,1921414,931670
30000,900030002,1921640,889357
30000,900030002,1921652,897519
30000,900030002,1921518,886947
30000,900030002,1921608,916501
30000,900030002,1921670,924207
30000,900030002,1921486,899680
30000,900030002,1921938,902024
30000,900030002,1921732,880920
30000,900030002,1921700,894781
30000,900030002,1921494,908641
30000,900030002,1921618,898522
30000,900030002,1921536,913280
30000,900030002,1921412,916857
30000,900030002,1921602,873844
30000,900030002,1921538,914368
30000,900030002,1921338,915836
30000,900030002,1921544,911413
30000,900030002,1921384,920163
30000,900030002,1921652,929494
30000,900030002,1921820,934937
30000,900030002,1921338,883405
30000,900030002,1921698,885433
30000,900030002,1921610,881392
30000,900030002,1921330,913655
30000,900030002,1921542,898254
30000,900030002,1921802,919615
30000,900030002,1922076,893186
30000,900030002,1921414,889691
30000,900030002,1921480,911127
30000,900030002,1921696,910504
30000,900030002,1921832,913005
30000,900030002,1921422,892495
30000,900030002,1921674,918213
30000,900030002,1921852,923277
30000,900030002,1921582,892195
30000,900030002,1921178,877716
30000,900030002,1921648,906336
30000,900030002,1921966,910778
30000,900030002,1921748,880832
30000,900030002,1921462,917479
30000,900030002,1921606,872163
30000,900030002,1921578,897671
30000,900030002,1921556,897911
30000,900030002,1921394,935600
30000,900030002,1921300,926365
30000,900030002,1921566,886492
30000,900030002,1921700,902000
30000,900030002,1921228,939140
30000,900030002,1921388,931047
30000,900030002,1921400,907819
30000,900030002,1921540,910640
30000,900030002,1921670,906132
30000,900030002,1921270,911230
30000,900030002,1921686,891735
30000,900030002,1921228,929948
30000,900030002,1921356,891018
30000,900030002,1921358,884832
30000,900030002,1921760,917517
30000,900030002,1921520,919411
30000,900030002,1921432,885624
30000,900030002,1921646,889378
30000,900030002,1921338,882844
30000,900030002,1921364,938874
30000,900030002,1921706,896328
30000,900030002,1921666,953151
30000,900030002,1921592,937183
30000,900030002,1921316,883847
30000,900030002,1921730,896340
30000,900030002,1921684,882167
30000,900030002,1921646,896401
30000,900030002,1921372,937936
30000,900030002,1921500,876215
30000,900030002,1921596,897944
30000,900030002,1921746,909177
30000,900030002,1921410,911321
30000,900030002,1921306,890553
30000,900030002,1921780,908447
30000,900030002,1921188,903741
30000,900030002,1921746,897952
30000,900030002,1921834,893500
30000,900030002,1921786,894477
30000,900030002,1921642,907194
30000,900030002,1921624,946880
30000,900030002,1921476,944475
30000,900030002,1921720,953489
30000,900030002,1921326,902313
30000,900030002,1921956,889249
30000,900030002,1921630,894115
30000,900030002,1921618,903321
30000,900030002,1921492,906113
30000,900030002,1921498,925426
30000,900030002,1921360,913885
30000,900030002,1921260,889843
30000,900030002,1921496,897801
30000,900030002,1921322,911784
30000,900030002,1921746,879513
30000,900030002,1921688,934030
30000,900030002,1921534,905369
30000,900030002,1921358,896218
30000,900030002,1921806,890122
30000,900030002,1921542,888444
30000,900030002,1922116,903731
30000,900030002,1921574,903180
30000,900030002,1921578,904996
30000,900030002,1921568,903397
30000,900030002,1921374,878220
30000,900030002,1921144,907085
30000,900030002,1921546,941120
30000,900030002,1921716,893822
30000,900030002,1921776,929155
30000,900030002,1921390,891189
30000,900030002,1921840,911188
30000,900030002,1921136,893321
30000,900030002,1921966,937082
30000,900030002,1921698,905061
30000,900030002,1921380,896706
30000,900030002,1921168,895210
30000,900030002,1921630,907405
30000,900030002,1921690,894850
30000,900030002,1921376,921460
30000,900030002,1921384,897479
30000,900030002,1921512,906800
30000,900030002,1921702,897956
30000,900030002,1921570,890818
30000,900030002,1921778,896388
30000,900030002,1921616,895564
30000,900030002,1921618,901689
30000,900030002,1921666,907471
30000,900030002,1921604,890677
30000,900030002,1921494,942200
30000,900030002,1921862,914505
30000,900030002,1921432,916400
30000,900030002,1921494,909822
30000,900030002,1921328,940812
30000,900030002,1921552,896732
30000,900030002,1921610,879291
30000,900030002,1922000,902271
30000,900030002,1921396,894425
30000,900030002,1921340,895252
30000,900030002,1921814,943121
30000,900030002,1921776,889058
30000,900030002,1921740,914381
30000,900030002,1921462,953988
30000,900030002,1921508,890932
30000,900030002,1921426,894012
30000,900030002,1921580,910277
30000,900030002,1921346,891092
30000,900030002,1921786,897490
30000,900030002,1921712,888241
30000,900030002,1921442,880085
30000,900030002,1921874,906835
30000,900030002,1921884,890102
30000,900030002,1921684,874969
30000,900030002,1921448,886581
30000,900030002,1921834,908785
30000,900030002,1921624,922309
30000,900030002,1921460,902556
30000,900030002,1921182,888289
30000,900030002,1921522,911055
30000,900030002,1921200,887237
30000,900030002,1921668,897533
30000,900030002,1921700,897205
30000,900030002,1921212,929030
30000,900030002,1921468,917177
30000,900030002,1921618,883924
30000,900030002,1921694,890556
30000,900030002,1921602,887926
30000,900030002,1921396,904187
30000,900030002,1921786,924111
30000,900030002,1921636,886944
30000,900030002,1921534,901258
30000,900030002,1921626,915328
30000,900030002,1921420,902305
30000,900030002,1921940,886862
30000,900030002,1921222,887989
30000,900030002,1921674,883296
30000,900030002,1921368,930872
30000,900030002,1921412,948545
30000,900030002,1921630,936044
30000,900030002,1921554,896582
30000,900030002,1921642,892387
30000,900030002,1921748,907239
30000,900030002,1921388,910713
30000,900030002,1921620,888014
30000,900030002,1921690,949149
30000,900030002,1921280,901030
30000,900030002,1921690,897500
30000,900030002,1921516,906280
30000,900030002,1921718,897482
30000,900030002,1921884,903322
30000,900030002,1921140,914857
30000,900030002,1921800,937067
30000,900030002,1921478,895842
30000,900030002,1921568,919168
30000,900030002,1921976,907722
30000,900030002,1921586,949426
30000,900030002,1921562,907952
30000,900030002,1921520,876921
30000,900030002,1921702,906873
30000,900030002,1921536,896379
30000,900030002,1921524,903650
30000,900030002,1921640,962323
30000,900030002,1921616,895021
30000,900030002,1921528,896867
30000,900030002,1921686,877579
30000,900030002,1921506,936669
30000,900030002,1921626,925349
30000,900030002,1921558,876710
30000,900030002,1921404,895477
30000,900030002,1921818,919425
30000,900030002,1921588,889163
30000,900030002,1921280,884312
30000,900030002,1921336,902514
30000,900030002,1921458,935071
30000,900030002,1921616,898408
30000,900030002,1921566,899498
30000,900030002,1921622,913025
30000,900030002,1921888,913418
30000,900030002,1921366,916207
30000,900030002,1921860,888071
30000,900030002,1921346,876623
30000,900030002,1921404,892953
30000,900030002,1922012,914237
30000,900030002,1921560,965698
30000,900030002,1921522,913853
30000,900030002,1921408,921954
30000,900030002,1921360,954924
30000,900030002,1922016,917364
30000,900030002,1921610,896338
30000,900030002,1921722,919553
30000,900030002,1921470,895326
30000,900030002,1921474,888677
30000,900030002,1921612,919929
30000,900030002,1921250,908375
30000,900030002,1921854,916448
30000,900030002,1921590,926525
30000,900030002,1921752,913950
30000,900030002,1921642,913183
30000,900030002,1921554,927458
30000,900030002,1921408,885835
30000,900030002,1921174,924122
30000,900030002,1921434,885226
30000,900030002,1921450,902177
30000,900030002,1921586,903965
30000,900030002,1921810,926816
30000,900030002,1921504,927421
30000,900030002,1921824,900103
30000,900030002,1921624,890376
30000,900030002,1921756,909084
30000,900030002,1921940,926211
30000,900030002,1921860,876791
30000,900030002,1921452,888756
30000,900030002,1921716,880332
30000,900030002,1921420,934691
30000,900030002,1921804,894689
30000,900030002,1921772,892529
30000,900030002,1921796,892463
30000,900030002,1921396,941416
30000,900030002,1921458,887445
30000,900030002,1921118,890768
30000,900030002,1921484,876744
30000,900030002,1921582,883783
30000,900030002,1921392,916393
30000,900030002,1921360,914914
30000,900030002,1921430,905805
30000,900030002,1921462,892658
30000,900030002,1921508,903032
30000,900030002,1921402,922689
30000,900030002,1921592,908936
30000,900030002,1921574,903040
30000,900030002,1921376,900478
30000,900030002,1921570,908368
30000,900030002,1921546,879957
30000,900030002,1921138,882733
30000,900030002,1921182,953994
30000,900030002,1921526,961600
30000,900030002,1921642,908686
30000,900030002,1921818,905194
30000,900030002,1921378,921826
30000,900030002,1921590,877515
30000,900030002,1921632,885065
30000,900030002,1921760,889730
30000,900030002,1921518,920166
30000,900030002,1921694,906222
30000,900030002,1921702,879092
30000,900030002,1921522,916315
30000,900030002,1921674,903493
30000,900030002,1921652,932313
30000,900030002,1921946,908632
30000,900030002,1921326,884061
30000,900030002,1921594,896003
30000,900030002,1921650,890105
30000,900030002,1921470,901357
30000,900030002,1921940,907132
30000,900030002,1921588,888917
30000,900030002,1921366,890528
30000,900030002,1921632,925671
30000,900030002,1921730,917991
30000,900030002,1921462,897228
30000,900030002,1921410,919436
30000,900030002,1921772,895377
30000,900030002,1921404,888777
30000,900030002,1921656,883229
30000,900030002,1921394,915819
30000,900030002,1921500,906283
30000,900030002,1921260,916092
30000,900030002,1922038,915196
30000,900030002,1921334,932067
30000,900030002,1921692,898570
30000,900030002,1921700,894251
30000,900030002,1921860,920693
30000,900030002,1922056,908161
30000,900030002,1921674,892981
30000,900030002,1921366,919659
30000,900030002,1921632,870227
30000,900030002,1921562,906867
30000,900030002,1921478,876761
30000,900030002,1921250,905255
30000,900030002,1921782,884763
30000,900030002,1921598,909842
30000,900030002,1921508,896263
30000,900030002,1921562,911534
30000,900030002,1921670,909395
30000,900030002,1921562,901346
30000,900030002,1921770,907779
30000,900030002,1921466,887467
30000,900030002,1921440,913199
30000,900030002,1921668,924836
30000,900030002,1921366,909038
30000,900030002,1921428,943187
30000,900030002,1921734,907193
30000,900030002,1921738,876966
30000,900030002,1921796,947693
30000,900030002,1921416,905842
30000,900030002,1921684,883767
30000,900030002,1921806,895798
30000,900030002,1921496,921695
30000,900030002,1921778,888763
30000,900030002,1921834,908384
30000,900030002,1921714,894157
30000,900030002,1921424,918616
30000,900030002,1921590,915235
30000,900030002,1921534,906570
30000,900030002,1921458,883413
30000,900030002,1921582,893824
30000,900030002,1921750,887510
30000,900030002,1921708,899446
30000,900030002,1921686,920651
30000,900030002,1921650,950576
30000,900030002,1921348,940993
30000,900030002,1921756,906697
30000,900030002,1921618,882225
30000,900030002,1921498,916077
30000,900030002,1921622,896040
30000,900030002,1921512,919345
30000,900030002,1921414,934273
30000,900030002,1921528,891362
30000,900030002,1921376,915341
30000,900030002,1921288,915383
30000,900030002,1921532,887556
30000,900030002,1921786,894640
30000,900030002,1921422,874464
30000,900030002,1920996,906931
30000,900030002,1921420,946348
30000,900030002,1921704,897553
30000,900030002,1921504,908291
30000,900030002,1921164,939208
30000,900030002,1921686,911165
30000,900030002,1921626,898038
30000,900030002,1921330,903044
30000,900030002,1921266,915676
30000,900030002,1921568,917889
30000,900030002,1921326,898907
30000,900030002,1921796,905225
30000,900030002,1921546,912314
30000,900030002,1921532,895984
30000,900030002,1921816,904850
30000,900030002,1922068,886362
30000,900030002,1921436,900888
30000,900030002,1921254,903667
30000,900030002,1921628,897100
30000,900030002,1921440,907102
30000,900030002,1921566,887932
30000,900030002,1921512,910001
30000,900030002,1921954,920142
30000,900030002,1921782,916439
30000,900030002,1921690,892553
30000,900030002,1921504,893107
30000,900030002,1921494,881385
30000,900030002,1921706,937146
30000,900030002,1921958,888241
30000,900030002,1921326,895548
30000,900030002,1921846,880984
30000,900030002,1921634,891877
30000,900030002,1921494,901213
30000,900030002,1921276,891341
30000,900030002,1921620,913293
30000,900030002,1921614,892431
30000,900030002,1921664,928047
30000,900030002,1921638,878775
30000,900030002,1921512,902286
30000,900030002,1921736,922821
30000,900030002,1921374,891535
30000,900030002,1921476,914901
30000,900030002,1921468,876904
30000,900030002,1921458,942393
30000,900030002,1921466,887267
30000,900030002,1921620,898213
30000,900030002,1921520,896405
30000,900030002,1921750,884978
30000,900030002,1921298,944636
30000,900030002,1921748,899664
30000,900030002,1921500,880854
30000,900030002,1921786,904733
30000,900030002,1921324,911221
30000,900030002,1921536,903871
30000,900030002,1921580,917902
30000,900030002,1921728,899157
30000,900030002,1921732,894391
30000,900030002,1921322,891000
30000,900030002,1921876,898246
30000,900030002,1921286,893329
30000,900030002,1921662,891645
30000,900030002,1921420,880882
30000,900030002,1921630,910308
30000,900030002,1921650,946256
30000,900030002,1921510,920216
30000,900030002,1921850,912040
30000,900030002,1921706,902344
30000,900030002,1921706,885416
30000,900030002,1921432,883829
30000,900030002,1921636,873491
30000,900030002,1921608,893756
30000,900030002,1921454,893185
30000,900030002,1921468,882985
30000,900030002,1921550,907694
30000,900030002,1921414,908302
30000,900030002,1921478,893332
30000,900030002,1921490,928816
30000,900030002,1921692,888252
30000,900030002,1921378,915921
30000,900030002,1921366,914806
30000,900030002,1921684,919577
30000,900030002,1921706,890173
30000,900030002,1921272,890667
30000,900030002,1921706,904639
30000,900030002,1921512,918869
30000,900030002,1921480,960136
30000,900030002,1921630,892036
30000,900030002,1921580,911775
30000,900030002,1921836,906319
30000,900030002,1921718,910492
30000,900030002,1921492,932278
30000,900030002,1921726,933065
30000,900030002,1921490,891752
30000,900030002,1921880,896778
30000,900030002,1921692,894802
30000,900030002,1921598,909340
30000,900030002,1921646,953671
30000,900030002,1921184,901172
30000,900030002,1921500,889779
30000,900030002,1921438,886391
30000,900030002,1921162,901281
30000,900030002,1921664,889626
30000,900030002,1922002,899038
30000,900030002,1921520,917146
30000,900030002,1921802,905350
30000,900030002,1921576,905141
30000,900030002,1921458,915648
30000,900030002,1921532,906713
30000,900030002,1921282,890230
30000,900030002,1921502,868794
30000,900030002,1921978,893120
30000,900030002,1921420,892136
30000,900030002,1921870,888806
30000,900030002,1921640,951839
30000,900030002,1921458,907419
30000,900030002,1922210,899045
30000,900030002,1921572,898901
30000,900030002,1921648,901433
30000,900030002,1921524,882566
30000,900030002,1921684,876804
30000,900030002,1921706,907535
30000,900030002,1921518,896061
30000,900030002,1921792,885014
30000,900030002,1921776,918874
30000,900030002,1921616,908535
30000,900030002,1921534,880122
30000,900030002,1921348,898138
30000,900030002,1921566,897176
30000,900030002,1921940,915540
30000,900030002,1921632,913684
30000,900030002,1921498,888715
30000,900030002,1921808,902543
30000,900030002,1921492,914170
30000,900030002,1921840,914712
30000,900030002,1921634,870405
30000,900030002,1921430,890150
30000,900030002,1921304,920214
30000,900030002,1921848,886387
30000,900030002,1921498,905869
30000,900030002,1921440,890645
30000,900030002,1921324,902080
30000,900030002,1921652,885644
30000,900030002,1921440,929042
30000,900030002,1921486,891974
30000,900030002,1921430,904621
30000,900030002,1921670,899592
30000,900030002,1921760,912801
30000,900030002,1921410,903237
30000,900030002,1921836,918299
30000,900030002,1921664,918871
30000,900030002,1921650,880378
30000,900030002,1921684,919785
30000,900030002,1921860,906512
30000,900030002,1921544,913790
30000,900030002,1921390,898421
30000,900030002,1921516,889233
30000,900030002,1921302,926105
30000,900030002,1921604,907673
30000,900030002,1921668,912995
30000,900030002,1921580,941548
30000,900030002,1921666,907631
30000,900030002,1921572,900251
30000,900030002,1921910,904672
30000,900030002,1921792,901327
30000,900030002,1921664,872186
30000,900030002,1921550,896696
30000,900030002,1921402,913863
30000,900030002,1921478,896762
30000,900030002,1921502,881202
30000,900030002,1921672,895322
30000,900030002,1921882,921385
30000,900030002,1921660,887289
30000,900030002,1921594,907587
30000,900030002,1921354,893669
30000,900030002,1921524,930972
30000,900030002,1921442,909756
30000,900030002,1921476,887162
30000,900030002,1921490,893814
30000,900030002,1921670,899572
30000,900030002,1921818,880846
30000,900030002,1921882,912996
30000,900030002,1921658,917182
30000,900030002,1921518,889281
30000,900030002,1921662,911075
30000,900030002,1921604,913463
30000,900030002,1921520,892092
30000,900030002,1921768,915412
30000,900030002,1921510,939259
30000,900030002,1921530,985119
30000,900030002,1921560,930434
30000,900030002,1921446,909072
30000,900030002,1921562,919817
30000,900030002,1921682,882819
30000,900030002,1921744,893711
30000,900030002,1921828,910878
30000,900030002,1921366,892803
30000,900030002,1921834,889694
30000,900030002,1921560,932795
30000,900030002,1921530,898636
30000,900030002,1921452,927396
30000,900030002,1921740,899348
30000,900030002,1921784,907523
30000,900030002,1921832,883450
30000,900030002,1921592,882770
30000,900030002,1921614,941574
30000,900030002,1921480,897410
30000,900030002,1921456,911057
30000,900030002,1921604,921197
30000,900030002,1921734,887597
30000,900030002,1921548,886994
30000,900030002,1921822,896430
30000,900030002,1921832,906453
30000,900030002,1921614,921568
30000,900030002,1921370,882476
30000,900030002,1921478,875773
30000,900030002,1921644,892472
30000,900030002,1921838,908496
30000,900030002,1921542,886150
30000,900030002,1921214,907354
30000,900030002,1921484,903771
30000,900030002,1921414,873023
30000,900030002,1921342,877567
30000,900030002,1921540,892252
30000,900030002,1921314,911133
30000,900030002,1921358,920809
30000,900030002,1921830,884598
30000,900030002,1921540,886297
30000,900030002,1921496,902795
30000,900030002,1921888,928767
30000,900030002,1921616,898078
30000,900030002,1921344,895157
30000,900030002,1921492,888306
30000,900030002,1921710,903489
30000,900030002,1921412,896485
30000,900030002,1922036,893127
30000,900030002,1921410,900957
30000,900030002,1921602,885090
30000,900030002,1921388,881020
30000,900030002,1921418,935225
30000,900030002,1921678,897198
30000,900030002,1921418,912633
30000,900030002,1921360,887604
30000,900030002,1921206,891363
30000,900030002,1921784,918678
30000,900030002,1921084,892971
30000,900030002,1921482,891380
30000,900030002,1921422,883623
30000,900030002,1921240,907277
30000,900030002,1921590,922198
30000,900030002,1921512,897097
30000,900030002,1921144,920662
30000,900030002,1921530,911567
30000,900030002,1921962,923190
30000,900030002,1921596,895092
30000,900030002,1921722,936710
30000,900030002,1921686,893673
30000,900030002,1921618,879164
30000,900030002,1921668,896084
30000,900030002,1921636,889248
30000,900030002,1921448,881128
30000,900030002,1921816,894644
30000,900030002,1921520,900737
30000,900030002,1921372,938824
30000,900030002,1921758,913419
30000,900030002,1922064,898222
30000,900030002,1922068,901572
30000,900030002,1921316,888490
30000,900030002,1921610,890471
30000,900030002,1921364,902157
30000,900030002,1921234,908736
30000,900030002,1921366,898221
30000,900030002,1921784,897538
30000,900030002,1921748,873579
30000,900030002,1921728,886003
30000,900030002,1921500,905503
30000,900030002,1921472,883514
30000,900030002,1921664,915524
30000,900030002,1921556,890508
30000,900030002,1921796,914056
30000,900030002,1921426,887304
30000,900030002,1921630,887050
30000,900030002,1921614,912923
30000,900030002,1921484,916794
30000,900030002,1921448,906055
30000,900030002,1921514,897497
30000,900030002,1921722,905565
30000,900030002,1921530,877975
30000,900030002,1921576,886139
30000,900030002,1921770,895943
30000,900030002,1921448,897921
30000,900030002,1921394,883158
30000,900030002,1921392,904231
30000,900030002,1921736,910360
30000,900030002,1921646,887127
30000,900030002,1921642,956563
30000,900030002,1921344,879931
30000,900030002,1921358,879687
30000,900030002,1922004,886179
30000,900030002,1921098,914424
30000,900030002,1921822,937797
30000,900030002,1921492,928314
30000,900030002,1921950,886725
30000,900030002,1921730,949139
30000,900030002,1921538,897235
30000,900030002,1921872,901044
30000,900030002,1921518,881149
30000,900030002,1921530,915351
30000,900030002,1921718,916847
30000,900030002,1921586,896555
30000,900030002,1921724,913532
30000,900030002,1921702,902262
30000,900030002,1921694,902326
30000,900030002,1921826,885830
30000,900030002,1921642,891408
30000,900030002,1921496,883020
30000,900030002,1921448,926541
30000,900030002,1921862,916984
30000,900030002,1921664,894992
30000,900030002,1921518,885719
30000,900030002,1921208,898531
30000,900030002,1921586,897953
30000,900030002,1921402,918752
30000,900030002,1921428,897705
30000,900030002,1921220,912632
30000,900030002,1921578,918076
30000,900030002,1921336,923858
30000,900030002,1921574,893777
30000,900030002,1921818,891043
30000,900030002,1921610,890988
30000,900030002,1921572,927010
30000,900030002,1921414,886472
30000,900030002,1921814,922798
30000,900030002,1921582,915542
30000,900030002,1921646,879938
30000,900030002,1921630,909780
30000,900030002,1921522,880814
30000,900030002,1921648,905249
30000,900030002,1921694,912306
30000,900030002,1921384,897077
30000,900030002,1921302,907067
30000,900030002,1921572,894081
30000,900030002,1921658,896838
30000,900030002,1921634,888274
30000,900030002,1921510,874716
30000,900030002,1921872,886948
30000,900030002,1921066,901906
30000,900030002,1921600,908724
30000,900030002,1921380,895873
30000,900030002,1921536,897730
30000,900030002,1921416,912129
30000,900030002,1921460,891216
30000,900030002,1921778,895843
30000,900030002,1921376,911380
30000,900030002,1921734,903972
30000,900030002,1921464,933252
30000,900030002,1921488,894818
30000,900030002,1921810,890639
30000,900030002,1921508,939940
30000,900030002,1921666,879833
30000,900030002,1921378,901902
30000,900030002,1921238,891690
30000,900030002,1921454,925048
30000,900030002,1921632,902064
30000,900030002,1921686,901867
30000,900030002,1921732,901715
30000,900030002,1921344,887964
30000,900030002,1921636,894779
30000,900030002,1921484,891146
30000,900030002,1921408,911685
30000,900030002,1921702,910283
30000,900030002,1921380,923395
30000,900030002,1921648,890570
30000,900030002,1921942,890161
30000,900030002,1921354,895118
30000,900030002,1921890,874673
30000,900030002,1921248,879995
30000,900030002,1921560,889748
30000,900030002,1921480,896711
30000,900030002,1921666,905104
30000,900030002,1921724,903144
30000,900030002,1921388,883179
30000,900030002,1922052,913983
30000,900030002,1921822,900305
30000,900030002,1921312,956930
30000,900030002,1921570,883925
30000,900030002,1922040,930406
30000,900030002,1921580,884026
30000,900030002,1921234,893007
30000,900030002,1921768,876219
30000,900030002,1921838,890598
30000,900030002,1921694,900519
30000,900030002,1921542,892157
30000,900030002,1921496,889091
30000,900030002,1921272,898893
30000,900030002,1921992,878134
30000,900030002,1921524,895348
30000,900030002,1921684,914457
30000,900030002,1921560,876135
30000,900030002,1921358,909698
30000,900030002,1921456,884864
30000,900030002,1921574,906445
30000,900030002,1921248,892460
30000,900030002,1921750,888934
30000,900030002,1921708,888096
30000,900030002,1921510,904052
30000,900030002,1921466,891393
30000,900030002,1921656,920328
30000,900030002,1921606,907424
30000,900030002,1921440,901755
30000,900030002,1921576,926257
30000,900030002,1921488,898207
30000,900030002,1921728,904566
30000,900030002,1921766,888592
30000,900030002,1921548,914652
30000,900030002,1921676,912524
30000,900030002,1921292,869701
30000,900030002,1921522,882067
30000,900030002,1921544,892821
30000,900030002,1921452,892825
30000,900030002,1921656,920122
30000,900030002,1921446,941025
30000,900030002,1921914,900798
30000,900030002,1921334,904945
30000,900030002,1921406,905013
30000,900030002,1921550,903036
30000,900030002,1921596,881357
30000,900030002,1921686,887933
30000,900030002,1921410,880747
30000,900030002,1921496,882898
30000,900030002,1921648,901795
30000,900030002,1921708,933599
30000,900030002,1921466,888668
30000,900030002,1921744,904017
30000,900030002,1921594,936490
30000,900030002,1921606,890393
30000,900030002,1921850,896749
30000,900030002,1921664,903511
30000,900030002,1921474,920962
30000,900030002,1921654,938717
30000,900030002,1921706,881669
30000,900030002,1921424,885971
30000,900030002,1921546,958025
30000,900030002,1921756,879144
30000,900030002,1921506,931332
30000,900030002,1921748,877954
30000,900030002,1921480,898747
30000,900030002,1921946,904409
30000,900030002,1921438,901455
30000,900030002,1921466,920527
30000,900030002,1921588,926345
30000,900030002,1921526,920483
30000,900030002,1921644,885712
30000,900030002,1921676,891144
30000,900030002,1921114,926440
30000,900030002,1921792,883179
30000,900030002,1921472,880688
30000,900030002,1921596,888406
30000,900030002,1921520,900160
30000,900030002,1921720,888904
30000,900030002,1921634,885004
30000,900030002,1921622,884008
30000,900030002,1921524,892758
30000,900030002,1921502,895436
30000,900030002,1921540,895943
30000,900030002,1921418,892067
30000,900030002,1921622,917213
30000,900030002,1921554,916843
30000,900030002,1921692,896730
30000,900030002,1921386,878955
30000,900030002,1921740,902958
30000,900030002,1921792,910114
30000,900030002,1922028,904409
30000,900030002,1921634,909587
30000,900030002,1921964,869773
30000,900030002,1921472,891466
30000,900030002,1921114,902532
30000,900030002,1921860,924130
30000,900030002,1921638,885202
30000,900030002,1921736,897934
30000,900030002,1921408,881563
30000,900030002,1921768,894885
30000,900030002,1921996,913378
30000,900030002,1921582,877919
30000,900030002,1921580,936591
30000,900030002,1921384,884684
30000,900030002,1921400,910655
30000,900030002,1921228,901364
30000,900030002,1921708,900087
30000,900030002,1921736,895158
30000,900030002,1921396,901746
30000,900030002,1921540,894982
30000,900030002,1921628,952300
30000,900030002,1921550,894866
30000,900030002,1921776,902803
30000,900030002,1921568,883499
30000,900030002,1921596,960879
30000,900030002,1921748,894334
30000,900030002,1921684,937506
30000,900030002,1921640,879479
30000,900030002,1921520,925449
30000,900030002,1921786,913311
30000,900030002,1921558,890803
30000,900030002,1921656,917787
30000,900030002,1921444,913009
30000,900030002,1921592,900957
30000,900030002,1921392,903319
30000,900030002,1921586,872802
30000,900030002,1921300,936585
30000,900030002,1921256,892112
30000,900030002,1921596,899376
30000,900030002,1921502,888033
30000,900030002,1921728,904419
30000,900030002,1921272,906255
30000,900030002,1921388,899396
30000,900030002,1922066,892468
30000,900030002,1921776,896351
30000,900030002,1922130,910007
30000,900030002,1921304,894606
30000,900030002,1921790,901623
30000,900030002,1921574,870837
30000,900030002,1921522,887953
30000,900030002,1921130,889590
30000,900030002,1921590,888038
30000,900030002,1921634,896204
30000,900030002,1921548,865243
30000,900030002,1921758,913959
30000,900030002,1921382,918033
30000,900030002,1921628,910031
30000,900030002,1921296,895427
30000,900030002,1921552,930892
30000,900030002,1921800,928459
30000,900030002,1921602,913232
30000,900030002,1921638,881514
30000,900030002,1921130,919244
30000,900030002,1921256,901575
30000,900030002,1921560,895467
30000,900030002,1921342,892434
30000,900030002,1921752,907182
30000,900030002,1921430,885744
30000,900030002,1921484,902558
30000,900030002,1921848,924382
30000,900030002,1921688,911962
30000,900030002,1921142,923032
30000,900030002,1921622,898194
30000,900030002,1921700,884252
30000,900030002,1921418,878678
30000,900030002,1921820,916884
30000,900030002,1921290,902773
30000,900030002,1921534,877333
30000,900030002,1921614,907075
30000,900030002,1921668,902502
30000,900030002,1921402,910400
30000,900030002,1921410,962989
30000,900030002,1921798,899397
30000,900030002,1921610,901746
30000,900030002,1921694,888079
30000,900030002,1921534,891156
30000,900030002,1921440,929769
30000,900030002,1921280,891358
30000,900030002,1921534,908853
30000,900030002,1921534,909293
30000,900030002,1921492,899501
30000,900030002,1921434,908929
30000,900030002,1921420,919480
30000,900030002,1921728,933846
30000,900030002,1921786,884620
30000,900030002,1921422,882023
30000,900030002,1921834,890266
30000,900030002,1921316,890019
30000,900030002,1921464,946033
30000,900030002,1921368,880877
30000,900030002,1921478,918851
30000,900030002,1922004,874849
30000,900030002,1921774,910857
30000,900030002,1921532,904916
30000,900030002,1921732,896144
30000,900030002,1921526,905015
30000,900030002,1921908,899206
30000,900030002,1921358,906200
30000,900030002,1921298,931217
30000,900030002,1921738,913282
30000,900030002,1921258,899938
30000,900030002,1921350,896408
30000,900030002,1921620,971198
30000,900030002,1921644,906181
30000,900030002,1921514,891278
30000,900030002,1921552,890551
30000,900030002,1921670,887675
30000,900030002,1921680,891431
30000,900030002,1921472,896225
30000,900030002,1921216,910801
30000,900030002,1921610,902960
30000,900030002,1921290,880745
30000,900030002,1921784,904540
30000,900030002,1921468,905427
30000,900030002,1921618,879736
30000,900030002,1921906,940102
30000,900030002,1921506,905594
30000,900030002,1921446,902784
30000,900030002,1921808,895194
30000,900030002,1921646,966934
30000,900030002,1921792,888475
30000,900030002,1921982,892993
30000,900030002,1921526,892300
30000,900030002,1921492,888343
AVG,=AVERAGE(B2:B1001),=AVERAGE(C2:C1001),=AVERAGE(D2:D1001),